79
59
8
62
50
18
67
57
78
19
98
94
93
33
47
57
63
50
83
13
29
57
0
53
25
63
69
33
31
12
64
28
68
49
29
50
21
99
75
45
5
94
44
10
32
62
73
50
49
49
10
11
38
68
68
3
36
9
16
17
5
10
48
4
18
39
55
96
34
60
38
96
89
76
29
98
28
75
93
39
44
55
74
60
89
63
40
100
76
14
50
37
95
69
45
50
59
82
12
36
77
78
35
76
41
54
49
47
52
5
24
13
9
70
27
19
35
71
19
0
49
90
12
79
44
54
66
32
18
82
34
70
2
51
23
31
43
40
18
37
56
89
74
14
20
50
28
0
4
93
36
33
23
15
52
99
9
100
73
77
28
77
59
6
52
69
47
83
28
28
73
92
75
97
60
62
14
95
48
77
28
2
72
36
85
57
22
82
91
69
93
89
65
54
50
89
36
53
25
4599
34
63
10
52
52
13
54
61
42
52
33
63
44
44
44
63
79
57
25
67
81
39
76
72
70
54
27
9
60
81
58
47
37
96
99
2
8
10
29
50
89
94
61
33
37
39
30
2
66
